                                                                
 55555511        11555555551112 11111     155555555511       2  
 55555511         211555511212 1 12  11   1555555555511        1
 55555511        1 1155112 22  15111322    555555555511      11 
 55555511        2 2 112 22 1111211        5555555555511     1  
 55555511         22 2121 21    113 1 2    55555555555511   1   
 55555511         2  1  11 1     2   2     55555555555511  1    
 51115511           32 1  555511    1111   555555555555511      
 11115511           1111 1555555511        555555555555111      
 112 5511            1  121155555511       551115555551111      
 11  5511                 11555555511      55111155551111       
 11  5511                 1 55555555511    5512 11555111        
 1   5511                 1 555555555511   5511  155111         
     5511               5555555555555511   5511   11111        1
     5511               21155555555555511  1511   1112        51
     5511        1     11 1555555555555511 1512    11        551
     5511        1    13 1 5555555555555511 511  55511       551
     5511        1    2   55555555555555511 511 555111      5551
     5511        1       55555555555555555555555555111     55551
     5511       11      15555555555555555555555551121      55551
     5511       11   2  15555555555555555555555551111     555551
     5511       511    1 51121111121115555555551112 1     555551
     5511       5521  1 12111111111211555555511121       5555551
     5511       15122  2 212 2 11  2  55555111122  1     5555551
     5511       1511  132 1          5555111211   1     55555551
     5511        221 2  111         555551122  111      55555551
     5511        211    1           5555511   111      155555551
     5511         1     1          555555511   1       155555551
     5511         1   1      1    5555555511  1       1 55555551
     5511         1              55555555511          5555555551
     5511         1  1          511115555521          5555555551
     5511          1           11111115551111  1     55555555551
     5511        1 2          11122  1511112   1     55555555551
     5511       11            112     11111    1     55555555551
     5511      113 1        11 1   2  111  1   1    555555555551
     5511      1            111 1  111 11  1   1    555555555551
     5511    11  1    1     12 511  11 5511    1    555555555551
     5511     1      22    12  555551115511    1   5555555555551
     5511   1              1   5555511155511   1   5555555555551
     5511   1    2     2  11  15555111 15111    2  5555555555551
     5511   1             1    55551 1 15111    2 55555555555551
     5511      2 2      11     555511 1 511     2 55555555555551
     5511               1      55555511 111     1 55555555555551
     5511         2   2 1     1151111121211     1 55555555555551
     5511         1  12       115112212 11      5555555111555551
     5511  1        1           111    1 1      5555555111555551
     5511       2  2  1         1111  111       555555512 555551
     5511            1           11555111       555555512 555511
     5511        1                155511        111111111 555111
     1521                          55511        122211111 551111
     151        1   11          115555511       1     12 551111 
 2    511 1     1    1            555555511     5511     51111  
 22   5111          1             55555555511   555511   5111   
  21  5112                        55555555511   555111  5111    
   1  521            2 1        55555555555511  5551 1  5111    
   1  5112    1        1        555555555555512 55511 15511     
   1  511           222         555555555555512 155511 5111     
   1  5111                   2  555555555555512 111111 5111     
   12 5111            11        555555555555511  111115111      
   12 511          2           55555555555555511    115111      
   12 511                      55555555555555511      111       
   12 511            1        155555555555555511      111       
   12 511                     1555555555555555511     1         
   12 111                    1 111111111111111111               
